1 0.3125 2 
2 0.6250 0
3 0.3125 2
4 0.3125 2
5 0.6250 0
6 0.3125 2
7 0.3125 2
8 0.6250 0
9 0.3125 2
10 0.3125 2
11 0.6250 0
12 0.3125 2
13 0.3125 2
14 0.6250 0
15 0.3125 2
16 0.3125 2
17 0.6250 0
18 0.3125 2
19 0.3125 2
20 0.6250 0
21 0.3125 2
22 0.3125 2
23 0.6250 0
24 0.3125 2
25 0.3125 2 
26 0.6250 1
27 0.3125 2
28 0.3125 2
29 0.6250 1
30 0.3125 2
31 0.3125 2
32 0.6250 1
33 0.3125 2
34 0.3125 2
35 0.6250 1
36 0.3125 2
37 0.3125 2
38 0.6250 1
39 0.3125 2
40 0.3125 2
41 0.6250 1
42 0.3125 2
43 0.3125 2
44 0.6250 1
45 0.3125 2
46 0.3125 2
47 0.6250 1
48 0.3125 2

Mesh: 128
Particles_per_generation: 10
Number_generations: 1
Skipped_generations: 25
kguess: 1.0